3,0,6,0,4,0,2,0,0,0
1,0,8,0,2,0,4,0,0,0
2,0,1,0,4,0,7,0,0,0
1,0,3,0,5,0,2,0,0,0
2,0,6,0,4,0,1,0,0,0
2,0,7,0,8,0,5,0,0,0
0,0,0,0,0,0,6,0,0,0
6,0,3,0,9,0,4,0,0,0
8,0,3,0,10,0,4,0,0,0
9,0,0,0,11,0,0,0,0,11
0,0,10,0,0,0,12,0,10,0
0,0,11,0,0,0,13,0,0,0
0,0,12,0,0,0,14,0,14,0
0,0,13,0,0,0,15,0,15,13
0,0,14,0,0,0,16,0,0,0
0,0,15,0,0,0,0,0,0,17
22,0,0,0,18,0,19,0,16,22
17,0,0,0,0,0,0,0,0,0
0,0,17,0,0,0,20,0,0,0
0,0,19,0,0,0,21,0,0,0
20,0,20,0,88,0,29,0,0,0
25,0,17,0,23,83,24,0,17,0
22,0,0,0,0,0,0,0,0,0
0,0,22,0,0,0,31,0,31,0
26,0,0,0,22,0,0,0,0,33
0,0,28,0,25,0,27,0,0,0
0,0,26,0,0,0,0,0,0,0
0,0,0,0,0,26,0,0,0,0
31,0,21,0,0,0,30,0,21,31
31,0,29,0,94,0,0,0,0,0
32,0,24,0,30,0,29,0,0,0
31,0,0,0,0,0,0,0,0,0
0,0,34,0,0,0,36,0,25,0
0,0,0,0,0,0,33,0,0,35
0,0,0,0,0,0,0,0,34,0
0,0,33,0,0,0,0,0,25,37
40,0,38,0,0,0,44,0,36,0
0,0,39,0,0,0,37,0,37,0
255,255,255,255,255,255,255,255,255,255
0,0,0,0,37,0,0,0,41,42
0,0,0,0,0,0,0,0,0,43
0,0,0,0,0,0,0,0,40,43
0,0,0,0,0,0,0,0,42,0
255,0,37,0,255,0,45,0,255,255
0,44,46,0,0,0,47,52,0,0
0,0,0,0,0,0,45,0,0,0
0,0,45,0,0,0,48,0,0,49
0,0,47,0,0,0,51,0,0,50
0,0,0,0,0,0,0,0,47,0
0,0,0,0,0,0,0,0,48,0
44,0,0,0,48,0,0,0,79,0
56,0,0,45,0,0,53,0,0,0
55,0,0,52,0,54,0,0,0,0
0,0,0,0,0,0,0,0,60,53
0,0,0,0,53,0,0,0,0,0
0,0,0,0,52,0,57,0,0,0
0,0,58,0,0,0,0,56,0,0
0,59,0,0,0,0,57,0,0,0
0,0,0,0,58,0,0,0,0,0
0,61,0,0,0,54,0,0,0,54
0,62,0,0,0,60,0,0,0,0
0,0,63,0,0,0,61,0,0,0
0,65,0,64,0,0,62,0,0,0
63,0,0,0,68,0,0,0,0,0
67,0,66,0,63,0,0,0,0,0
0,0,0,0,0,0,65,0,0,0
0,0,0,0,65,0,0,0,0,0
0,0,69,0,0,0,64,0,0,0
0,0,0,0,0,0,68,0,0,0
0,0,50,0,0,0,71,0,0,50
73,0,70,0,72,0,0,0,0,0
0,71,0,0,0,0,0,0,0,0
74,0,0,0,71,0,0,0,0,0
0,0,0,0,73,0,75,0,0,0
74,0,0,0,0,0,0,0,0,53
78,0,0,0,77,0,0,0,0,45
76,0,0,0,0,0,0,0,0,93
27,0,0,44,76,0,0,0,0,0
80,0,0,0,82,0,0,0,0,51
81,0,0,0,79,0,0,0,0,0
0,0,0,0,80,0,0,0,0,0
79,0,83,0,0,0,0,0,0,0
0,0,22,0,0,0,82,0,0,84
86,0,0,0,85,0,0,0,0,0
84,0,0,0,0,0,0,0,0,0
45,0,84,0,0,0,87,0,0,0
0,0,0,86,0,0,0,0,0,0
89,82,91,95,90,83,92,91,95,94
95,96,91,90,89,88,91,95,93,97
92,92,91,93,88,97,88,96,99,87
91,89,94,90,93,95,89,92,0,0
95,97,93,96,94,95,21,92,0,0
90,96,92,94,88,30,92,90,0,0
98,89,90,91,89,93,95,97,0,0
93,94,96,92,97,95,94,92,0,0
92,99,97,96,89,94,90,90,91,92
98,89,92,91,90,93,94,95,96,98
95,90,93,91,94,92,90,99,98,15
88,89,93,97,100,89,96,95,0,0
0,0,0,0,99,0,0,0,0,0
